20
0   90  59  52  2   59  0   146 7   27  89  147 103 70  29  7   49  86  117 19
90  0   34  82  70  126 125 117 122 0   134 122 66  72  101 29  70  99  48  75
59  34  0   99  41  15  13  114 3   42  0   27  29  134 112 60  49  70  44  130
52  82  99  0   67  139 28  94  117 47  76  125 102 121 134 37  120 29  0   143
2   70  41  67  0   107 9   139 80  134 135 107 69  90  103 131 0   143 142 96
59  126 15  139 0   0   142 113 68  104 135 120 75  61  11  113 86  17  32  105
127 125 13  28  9   142 0   0   60  103 148 42  102 5   11  22  32  116 57  37
146 117 114 94  139 113 36  0   116 77  113 0   109 42  118 7   80  12  100 122
7   122 3   117 80  68  60  116 0   146 8   48  1   20  0   115 40  73  24  124
27  74  42  47  134 104 103 77  146 0   82  113 111 0   55  18  85  48  68  92
89  134 19  76  135 135 148 113 0   82  0   45  17  113 16  1   84  132 105 23
147 122 27  125 107 0   42  106 48  113 45  0   29  52  114 136 140 113 146 16
103 66  0   102 69  75  102 109 1   111 17  29  0   127 143 1   11  10  96  95
70  72  134 121 90  61  5   42  20  53  113 52  127 0   139 0   102 86  111 12
29  101 112 134 103 11  11  118 17  55  16  114 143 139 0   132 31  0   110 6
7   29  60  37  131 113 22  7   115 18  1   136 0   126 132 0   2   149 136 84
49  70  49  120 142 86  32  80  40  85  84  140 11  102 31  2   0   50  65  0
86  99  70  0   143 17  116 12  73  48  132 113 10  86  145 149 50  0   35  37
0   48  44  130 142 32  57  100 24  68  105 146 96  111 110 136 65  35  0   73
19  0   130 143 96  105 37  122 124 92  23  16  95  12  6   84  122 37  73  0