23
0   149 0   8   90  96  51  91  141 62  38  27  23  5   147 72  58  118 120 40  119 120 123
149 0   59  87  15  19  28  140 5   92  80  13  114 59  94  147 31  0   110 114 116 119 80
73  59  0   144 88  49  87  105 34  60  2   91  76  0   87  44  61  1   32  18  77  125 68
8   87  144 0   6   61  63  54  31  43  149 35  105 11  126 0   20  134 84  83  53  124 126
90  15  88  6   0   50  19  39  94  124 130 0   22  35  99  110 49  57  26  147 6   77  136
96  19  49  61  50  0   0   119 59  12  1   30  116 124 114 61  129 73  14  77  137 121 31
51  28  87  63  19  13  0   36  71  32  119 127 0   69  8   144 31  15  127 9   130 140 149
91  140 105 54  39  119 36  0   0   144 114 75  11  149 46  34  71  9   73  36  117 62  9
141 0   34  31  94  59  71  45  0   47  37  95  6   26  77  35  75  74  9   115 49  138 10
62  92  60  43  124 12  32  0   47  0   50  78  23  84  38  65  59  30  132 128 72  133 24
38  80  2   0   130 1   119 114 37  50  0   16  73  142 7   146 71  122 86  109 116 45  8
27  13  91  35  132 30  127 75  95  78  16  0   55  69  52  16  78  147 137 147 132 0   34
23  114 76  105 22  116 120 11  6   23  73  55  0   1   42  50  1   134 49  52  17  34  0
5   59  106 11  35  124 69  149 26  84  142 69  1   0   0   20  122 110 91  114 112 45  10
147 94  87  126 99  114 8   46  77  38  7   52  42  39  0   60  0   132 78  30  122 66  90
72  147 44  44  110 0   144 34  35  65  146 16  50  20  60  0   102 130 65  22  40  36  71
58  31  61  20  49  129 31  71  75  59  0   78  1   122 129 102 0   67  7   14  83  21  137
118 146 1   134 57  73  15  9   74  30  122 147 134 110 132 130 67  0   0   82  38  21  38
0   110 32  84  26  14  127 73  9   132 86  137 49  91  78  65  7   60  0   95  50  103 133
40  114 18  83  0   77  9   36  115 128 109 147 52  114 30  22  14  82  95  0   23  80  16
119 116 77  53  6   137 130 117 49  72  116 132 17  112 122 40  83  38  50  0   0   57  112
120 119 125 124 77  121 140 62  138 0   45  47  34  45  66  36  21  21  103 80  57  0   19
123 80  68  126 136 31  149 9   10  24  8   34  52  10  90  71  137 38  133 16  0   19  0